,y,x
0,119.102,266.984
